9.295272216796879547e+02
9.314556884765629547e+02
9.333841552734370453e+02
9.353126220703120453e+02
9.372411499023439774e+02
9.391696166992189774e+02
9.410980834960939774e+02
9.430265502929689774e+02
9.449550170898439774e+02
9.468835449218750000e+02
9.488120117187500000e+02
9.507404785156250000e+02
9.526689453125000000e+02
9.545974121093750000e+02
9.565259399414060226e+02
9.584544067382810226e+02
9.603828735351560226e+02
9.623113403320310226e+02
9.642398071289060226e+02
9.661683349609370453e+02
9.680968017578120453e+02
9.700252685546870453e+02
9.719537353515620453e+02
9.738822631835939774e+02
9.758107299804689774e+02
9.777391967773439774e+02
9.796676635742189774e+02
9.815961303710939774e+02
9.835246582031250000e+02
9.854531250000000000e+02
9.873815917968750000e+02
9.893100585937500000e+02
9.912385253906250000e+02
9.931670532226560226e+02
9.950955200195310226e+02
9.970239868164060226e+02
9.989524536132810226e+02
1.000880981445309999e+03
1.002809448242190001e+03
1.004737915039059999e+03
1.006666381835940001e+03
1.008594848632809999e+03
1.010523376464839998e+03
1.012451843261720001e+03
1.014380310058589998e+03
1.016308776855470001e+03
1.018237243652339998e+03
1.020165771484380002e+03
1.022094238281250000e+03
1.024022705078119998e+03
1.025951171875000000e+03
1.027879638671880002e+03
1.029808105468750000e+03
1.031736572265619998e+03
1.033665161132809999e+03
1.035593627929690001e+03
1.037522094726559999e+03
1.039450561523440001e+03
1.041379028320309999e+03
1.043307495117190001e+03
1.045235961914059999e+03
1.047164428710940001e+03
1.049092895507809999e+03
1.051021362304690001e+03
1.052949951171880002e+03
1.054878417968750000e+03
1.056806884765619998e+03
1.058735351562500000e+03
1.060663818359380002e+03
1.062592285156250000e+03
1.064520751953119998e+03
1.066449218750000000e+03
1.068377685546880002e+03
1.070306274414059999e+03
1.072234741210940001e+03
1.074163208007809999e+03
1.076091674804690001e+03
1.078020141601559999e+03
1.079948608398440001e+03
1.081877075195309999e+03
1.083805541992190001e+03
1.085734008789059999e+03
1.087662597656250000e+03
1.089591064453119998e+03
1.091519531250000000e+03
1.093447998046880002e+03
1.095376464843750000e+03
1.097304931640619998e+03
1.099233398437500000e+03
1.101161865234380002e+03
1.103090332031250000e+03
1.105018798828119998e+03
1.106947387695309999e+03
1.108875854492190001e+03
1.110804321289059999e+03
1.112732788085940001e+03
1.114661254882809999e+03
1.116589721679690001e+03
1.118518188476559999e+03
1.120446655273440001e+03
1.122375122070309999e+03
1.124303710937500000e+03
1.126232177734380002e+03
1.128160644531250000e+03
1.130089111328119998e+03
1.132017578125000000e+03
1.133946044921880002e+03
1.135874511718750000e+03
1.137802978515619998e+03
1.139731445312500000e+03
1.141659912109380002e+03
1.143588500976559999e+03
1.145516967773440001e+03
1.147445434570309999e+03
1.149373901367190001e+03
1.151302368164059999e+03
1.153230834960940001e+03
1.155159301757809999e+03
1.157087768554690001e+03
1.159016235351559999e+03
1.160944824218750000e+03
1.162873291015619998e+03
1.164801757812500000e+03
1.166730224609380002e+03
1.168658691406250000e+03
1.170587158203119998e+03
1.172515625000000000e+03
1.174444091796880002e+03
1.176372558593750000e+03
1.178301025390619998e+03
1.180229614257809999e+03
1.182158081054690001e+03
1.184086547851559999e+03
1.186015014648440001e+03
1.187943481445309999e+03
1.189871948242190001e+03
1.191800415039059999e+03
1.193728881835940001e+03
1.195657348632809999e+03
1.197585937500000000e+03
1.199514404296880002e+03
1.201442871093750000e+03
1.203371337890619998e+03
1.205299804687500000e+03
1.207228271484380002e+03
1.209156738281250000e+03
1.211085205078119998e+03
1.213013671875000000e+03
1.214942138671880002e+03
1.216870727539059999e+03
1.218799194335940001e+03
1.220727661132809999e+03
1.222656127929690001e+03
1.224584594726559999e+03
1.226513061523440001e+03
1.228441528320309999e+03
1.230369995117190001e+03
1.232298461914059999e+03
1.234227050781250000e+03
1.236155517578119998e+03
1.238083984375000000e+03
1.240012451171880002e+03
1.241940917968750000e+03
1.243869384765619998e+03
1.245797851562500000e+03
1.247726318359380002e+03
1.249654785156250000e+03
1.251583251953119998e+03
1.253511840820309999e+03
1.255440307617190001e+03
1.257368774414059999e+03
1.259297241210940001e+03
1.261225708007809999e+03
1.263154174804690001e+03
1.265082641601559999e+03
1.267011108398440001e+03
1.268939575195309999e+03
1.270868164062500000e+03
1.272796630859380002e+03
1.274725097656250000e+03
1.276653564453119998e+03
1.278582031250000000e+03
1.280510498046880002e+03
1.282438964843750000e+03
1.284367431640619998e+03
1.286295898437500000e+03
1.288224365234380002e+03
1.290152954101559999e+03
1.292081420898440001e+03
1.294009887695309999e+03
1.295938354492190001e+03
1.297866821289059999e+03
1.299795288085940001e+03
1.301723754882809999e+03
1.303652221679690001e+03
1.305580688476559999e+03
1.307509277343750000e+03
1.309437744140619998e+03
1.311366210937500000e+03
1.313294677734380002e+03
1.315223144531250000e+03
1.317151611328119998e+03
1.319080078125000000e+03
1.321008544921880002e+03
1.322937011718750000e+03
1.324865478515619998e+03
1.326794067382809999e+03
1.328722534179690001e+03
1.330651000976559999e+03
1.332579467773440001e+03
1.334507934570309999e+03
1.336436401367190001e+03
1.338364868164059999e+03
1.340293334960940001e+03
1.342221801757809999e+03
1.344150390625000000e+03
1.346078857421880002e+03
1.348007324218750000e+03
1.349935791015619998e+03
1.351864257812500000e+03
1.353792724609380002e+03
1.355721191406250000e+03
1.357649658203119998e+03
1.359578125000000000e+03
1.361506591796880002e+03
1.363435180664059999e+03
1.365363647460940001e+03
1.367292114257809999e+03
1.369220581054690001e+03
1.371149047851559999e+03
1.373077514648440001e+03
1.375005981445309999e+03
1.376934448242190001e+03
1.378862915039059999e+03
1.380791503906250000e+03
1.382719970703119998e+03
1.384648437500000000e+03
1.386576904296880002e+03
1.388505371093750000e+03
1.390433837890619998e+03
1.392362304687500000e+03
1.394290771484380002e+03
1.396219238281250000e+03
1.398147705078119998e+03
1.400076293945309999e+03
1.402004760742190001e+03
1.403933227539059999e+03
1.405861694335940001e+03
1.407790161132809999e+03
1.409718627929690001e+03
1.411647094726559999e+03
1.413575561523440001e+03
1.415504028320309999e+03
1.417432617187500000e+03
1.419361083984380002e+03
1.421289550781250000e+03
1.423218017578119998e+03
1.425146484375000000e+03
1.427074951171880002e+03
1.429003417968750000e+03
1.430931884765619998e+03
1.432860351562500000e+03
1.434788818359380002e+03
1.436717407226559999e+03
1.438645874023440001e+03
1.440574340820309999e+03
1.442502807617190001e+03
1.444431274414059999e+03
1.446359741210940001e+03
1.448288208007809999e+03
1.450216674804690001e+03
1.452145141601559999e+03
1.454073730468750000e+03
1.456002197265619998e+03
1.457930664062500000e+03
1.459859130859380002e+03
1.461787597656250000e+03
1.463716064453130002e+03
1.465644531250000000e+03
1.467572998046869998e+03
1.469501464843750000e+03
1.471429931640619998e+03
1.473358520507809999e+03
1.475286987304690001e+03
1.477215454101559999e+03
1.479143920898440001e+03
1.481072387695309999e+03
1.483000854492190001e+03
1.484929321289059999e+03
1.486857788085940001e+03
1.488786254882809999e+03
1.490714843750000000e+03
1.492643310546869998e+03
1.494571777343750000e+03
1.496500244140619998e+03
1.498428710937500000e+03
1.500357177734380002e+03
1.502285644531250000e+03
1.504214111328130002e+03
1.506142578125000000e+03
1.508071166992190001e+03
1.509999633789059999e+03
1.511928100585940001e+03
1.513856567382809999e+03
1.515785034179690001e+03
1.517713500976559999e+03
1.519641967773440001e+03
1.521570434570309999e+03
1.523498901367190001e+03
1.525427368164059999e+03
1.527355957031250000e+03
1.529284423828130002e+03
1.531212890625000000e+03
1.533141357421869998e+03
1.535069824218750000e+03
1.536998291015619998e+03
1.538926757812500000e+03
1.540855224609380002e+03
1.542783691406250000e+03
1.544712280273440001e+03
1.546640747070309999e+03
1.548569213867190001e+03
1.550497680664059999e+03
1.552426147460940001e+03
1.554354614257809999e+03
1.556283081054690001e+03
1.558211547851559999e+03
1.560140014648440001e+03
1.562068481445309999e+03
1.563997070312500000e+03
1.565925537109380002e+03
1.567854003906250000e+03
1.569782470703130002e+03
1.571710937500000000e+03
1.573639404296869998e+03
1.575567871093750000e+03
1.577496337890619998e+03
1.579424804687500000e+03
1.581353393554690001e+03
1.583281860351559999e+03
1.585210327148440001e+03
1.587138793945309999e+03
1.589067260742190001e+03
1.590995727539059999e+03
1.592924194335940001e+03
1.594852661132809999e+03
1.596781127929690001e+03
1.598709594726559999e+03
1.600638183593750000e+03
1.602566650390619998e+03
1.604495117187500000e+03
1.606423583984380002e+03
1.608352050781250000e+03
1.610280517578130002e+03
1.612208984375000000e+03
1.614137451171869998e+03
1.616065917968750000e+03
1.617994506835940001e+03
1.619922973632809999e+03
1.621851440429690001e+03
1.623779907226559999e+03
1.625708374023440001e+03
1.627636840820309999e+03
1.629565307617190001e+03
1.631493774414059999e+03
1.633422241210940001e+03
1.635350708007809999e+03
1.637279296875000000e+03
1.639207763671869998e+03
1.641136230468750000e+03
1.643064697265619998e+03
1.644993164062500000e+03
1.646921630859380002e+03
1.648850097656250000e+03
1.650778564453130002e+03
1.652707031250000000e+03
1.654635620117190001e+03
1.656564086914059999e+03
1.658492553710940001e+03
1.660421020507809999e+03
1.662349487304690001e+03
1.664277954101559999e+03
1.666206420898440001e+03
1.668134887695309999e+03
1.670063354492190001e+03
1.671991821289059999e+03
1.673920410156250000e+03
1.675848876953130002e+03
1.677777343750000000e+03
1.679705810546869998e+03
1.681634277343750000e+03
1.683562744140619998e+03
1.685491210937500000e+03
1.687419677734380002e+03
1.689348144531250000e+03
1.691276733398440001e+03
1.693205200195309999e+03
1.695133666992190001e+03
1.697062133789059999e+03
1.698990600585940001e+03
1.700919067382809999e+03
1.702847534179690001e+03
1.704776000976559999e+03
1.706704467773440001e+03
1.708632934570309999e+03
1.710561523437500000e+03
1.712489990234380002e+03
1.714418457031250000e+03
1.716346923828130002e+03
1.718275390625000000e+03
1.720203857421869998e+03
1.722132324218750000e+03
1.724060791015619998e+03
1.725989257812500000e+03
1.727917846679690001e+03
1.729846313476559999e+03
1.731774780273440001e+03
1.733703247070309999e+03
1.735631713867190001e+03
1.737560180664059999e+03
1.739488647460940001e+03
1.741417114257809999e+03
1.743345581054690001e+03
1.745274047851559999e+03
1.747202636718750000e+03
1.749131103515619998e+03
1.751059570312500000e+03
1.752988037109380002e+03
1.754916503906250000e+03
1.756844970703130002e+03
1.758773437500000000e+03
1.760701904296869998e+03
1.762630371093750000e+03
1.764558959960940001e+03
1.766487426757809999e+03
1.768415893554690001e+03
1.770344360351559999e+03
1.772272827148440001e+03
1.774201293945309999e+03
1.776129760742190001e+03
1.778058227539059999e+03
1.779986694335940001e+03
1.781915161132809999e+03
1.783843750000000000e+03
1.785772216796869998e+03
1.787700683593750000e+03
1.789629150390619998e+03
1.791557617187500000e+03
1.793486083984380002e+03
1.795414550781250000e+03
1.797343017578130002e+03
1.799271484375000000e+03
1.801200073242190001e+03
1.803128540039059999e+03
1.805057006835940001e+03
1.806985473632809999e+03
1.808913940429690001e+03
1.810842407226559999e+03
1.812770874023440001e+03
1.814699340820309999e+03
1.816627807617190001e+03
1.818556274414059999e+03
1.820484863281250000e+03
1.822413330078130002e+03
1.824341796875000000e+03
1.826270263671869998e+03
1.828198730468750000e+03
1.830127197265619998e+03
1.832055664062500000e+03
1.833984130859380002e+03
1.835912597656250000e+03
1.837841186523440001e+03
1.839769653320309999e+03
1.841698120117190001e+03
1.843626586914059999e+03
1.845555053710940001e+03
1.847483520507809999e+03
1.849411987304690001e+03
1.851340454101559999e+03
1.853268920898440001e+03
1.855197387695309999e+03
1.857125976562500000e+03
1.859054443359380002e+03
1.860982910156250000e+03
1.862911376953130002e+03
1.864839843750000000e+03
1.866768310546869998e+03
1.868696777343750000e+03
1.870625244140619998e+03
1.872553710937500000e+03
1.874482299804690001e+03
1.876410766601559999e+03
1.878339233398440001e+03
1.880267700195309999e+03
1.882196166992190001e+03
1.884124633789059999e+03
1.886053100585940001e+03
1.887981567382809999e+03
1.889910034179690001e+03
1.891838500976559999e+03
1.893767089843750000e+03
1.895695556640619998e+03
1.897624023437500000e+03
1.899552490234380002e+03
1.901480957031250000e+03
1.903409423828130002e+03
1.905337890625000000e+03
1.907266357421869998e+03
1.909194824218750000e+03
1.911123413085940001e+03
1.913051879882809999e+03
1.914980346679690001e+03
1.916908813476559999e+03
1.918837280273440001e+03
1.920765747070309999e+03
1.922694213867190001e+03
1.924622680664059999e+03
1.926551147460940001e+03
1.928479614257809999e+03
1.930408203125000000e+03
1.932336669921869998e+03
1.934265136718750000e+03
1.936193603515619998e+03
1.938122070312500000e+03
1.940050537109380002e+03
1.941979003906250000e+03
1.943907470703130002e+03
1.945835937500000000e+03
1.947764526367190001e+03
1.949692993164059999e+03
1.951621459960940001e+03
1.953549926757809999e+03
1.955478393554690001e+03
1.957406860351559999e+03
1.959335327148440001e+03
1.961263793945309999e+03
1.963192260742190001e+03
1.965120849609380002e+03
1.967049316406250000e+03
1.968977783203130002e+03
1.970906250000000000e+03
1.972834716796869998e+03
1.974763183593750000e+03
1.976691650390619998e+03
1.978620117187500000e+03
1.980548583984380002e+03
1.982477050781250000e+03
1.984405639648440001e+03
1.986334106445309999e+03
1.988262573242190001e+03
1.990191040039059999e+03
1.992119506835940001e+03
1.994047973632809999e+03
1.995976440429690001e+03
1.997904907226559999e+03
1.999833374023440001e+03
2.001761962890619998e+03
2.003690429687500000e+03
2.005618896484380002e+03
2.007547363281250000e+03
2.009475830078130002e+03
2.011404296875000000e+03
2.013332763671869998e+03
2.015261230468750000e+03
2.017189697265619998e+03
2.019118164062500000e+03
2.021046752929690001e+03
2.022975219726559999e+03
2.024903686523440001e+03
2.026832153320309999e+03
2.028760620117190001e+03
2.030689086914059999e+03
2.032617553710940001e+03
2.034546020507809999e+03
2.036474487304690001e+03
2.038403076171869998e+03
2.040331542968750000e+03
2.042260009765619998e+03
2.044188476562500000e+03
2.046116943359380002e+03
2.048045410156250000e+03
2.049973876953130002e+03
2.051902343750000000e+03
2.053830810546869998e+03
2.055759277343750000e+03
2.057687744140619998e+03
2.059616210937500000e+03
2.061544677734380002e+03
2.063473144531250000e+03
2.065401611328130002e+03
2.067330322265619998e+03
2.069258789062500000e+03
2.071187255859380002e+03
2.073115722656250000e+03
2.075044189453130002e+03
2.076972656250000000e+03
2.078901123046869998e+03
2.080829589843750000e+03
2.082758056640619998e+03
2.084686523437500000e+03
2.086614990234380002e+03
2.088543457031250000e+03
2.090471923828130002e+03
2.092400390625000000e+03
2.094328857421869998e+03
2.096257324218750000e+03
2.098185791015619998e+03
2.100114257812500000e+03
2.102042724609380002e+03
2.103971435546869998e+03
2.105899902343750000e+03
2.107828369140619998e+03
2.109756835937500000e+03
2.111685302734380002e+03
2.113613769531250000e+03
2.115542236328130002e+03
2.117470703125000000e+03
2.119399169921869998e+03
2.121327636718750000e+03
2.123256103515619998e+03
2.125184570312500000e+03
2.127113037109380002e+03
2.129041503906250000e+03
2.130969970703130002e+03
2.132898437500000000e+03
2.134826904296869998e+03
2.136755371093750000e+03
2.138683837890619998e+03
2.140612548828130002e+03
2.142541015625000000e+03
2.144469482421869998e+03
2.146397949218750000e+03
2.148326416015619998e+03
2.150254882812500000e+03
2.152183349609380002e+03
2.154111816406250000e+03
2.156040283203130002e+03
2.157968750000000000e+03
2.159897216796869998e+03
2.161825683593750000e+03
2.163754150390619998e+03
2.165682617187500000e+03
2.167611083984380002e+03
2.169539550781250000e+03
2.171468017578130002e+03
2.173396484375000000e+03
2.175325195312500000e+03
2.177253662109380002e+03
2.179182128906250000e+03
2.181110595703130002e+03
2.183039062500000000e+03
2.184967529296869998e+03
2.186895996093750000e+03
2.188824462890619998e+03
2.190752929687500000e+03
2.192681396484380002e+03
2.194609863281250000e+03
2.196538330078130002e+03
2.198466796875000000e+03
2.200395263671869998e+03
2.202323730468750000e+03
2.204252197265619998e+03
2.206180664062500000e+03
2.208109130859380002e+03
2.210037597656250000e+03
2.211966308593750000e+03
2.213894775390619998e+03
2.215823242187500000e+03
2.217751708984380002e+03
2.219680175781250000e+03
2.221608642578130002e+03
2.223537109375000000e+03
2.225465576171869998e+03
2.227394042968750000e+03
2.229322509765619998e+03
2.231250976562500000e+03
2.233179443359380002e+03
2.235107910156250000e+03
2.237036376953130002e+03
2.238964843750000000e+03
2.240893310546869998e+03
2.242821777343750000e+03
2.244750244140619998e+03
2.246678710937500000e+03
2.248607421875000000e+03
2.250535888671869998e+03
2.252464355468750000e+03
2.254392822265619998e+03
2.256321289062500000e+03
2.258249755859380002e+03
2.260178222656250000e+03
2.262106689453130002e+03
2.264035156250000000e+03
2.265963623046869998e+03
2.267892089843750000e+03
2.269820556640619998e+03
2.271749023437500000e+03
2.273677490234380002e+03
2.275605957031250000e+03
2.277534423828130002e+03
2.279462890625000000e+03
2.281391357421869998e+03
2.283319824218750000e+03
2.285248535156250000e+03
2.287177001953130002e+03
2.289105468750000000e+03
2.291033935546869998e+03
2.292962402343750000e+03
2.294890869140619998e+03
2.296819335937500000e+03
2.298747802734380002e+03
2.300676269531250000e+03
2.302604736328130002e+03
2.304533203125000000e+03
2.306461669921869998e+03
2.308390136718750000e+03
2.310318603515619998e+03
2.312247070312500000e+03
2.314175537109380002e+03
2.316104003906250000e+03
2.318032470703130002e+03
2.319960937500000000e+03
2.321889648437500000e+03
2.323818115234380002e+03
2.325746582031250000e+03
2.327675048828130002e+03
2.329603515625000000e+03
2.331531982421869998e+03
2.333460449218750000e+03
2.335388916015619998e+03
2.337317382812500000e+03
2.339245849609380002e+03
2.341174316406250000e+03
2.343102783203130002e+03
2.345031250000000000e+03
2.346959716796869998e+03
2.348888183593750000e+03
2.350816650390619998e+03
2.352745117187500000e+03
2.354673583984380002e+03
2.356602050781250000e+03
2.358530761718750000e+03
2.360459228515619998e+03
2.362387695312500000e+03
2.364316162109380002e+03
2.366244628906250000e+03
2.368173095703130002e+03
2.370101562500000000e+03
2.372030029296869998e+03
2.373958496093750000e+03
2.375886962890619998e+03
2.377815429687500000e+03
2.379743896484380002e+03
2.381672363281250000e+03
2.383600830078130002e+03
2.385529296875000000e+03
2.387457763671869998e+03
2.389386230468750000e+03
2.391314697265619998e+03
2.393243164062500000e+03
2.395171875000000000e+03
2.397100341796869998e+03
2.399028808593750000e+03
2.400957275390619998e+03
2.402885742187500000e+03
2.404814208984380002e+03
2.406742675781250000e+03
2.408671142578130002e+03
2.410599609375000000e+03
2.412528076171869998e+03
2.414456542968750000e+03
2.416385009765619998e+03
2.418313476562500000e+03
2.420241943359380002e+03
2.422170410156250000e+03
2.424098876953130002e+03
2.426027343750000000e+03
2.427955810546869998e+03
2.429884277343750000e+03
2.431812988281250000e+03
2.433741455078130002e+03
2.435669921875000000e+03
2.437598388671869998e+03
2.439526855468750000e+03
2.441455322265619998e+03
2.443383789062500000e+03
2.445312255859380002e+03
2.447240722656250000e+03
2.449169189453130002e+03
2.451097656250000000e+03
2.453026123046869998e+03
2.454954589843750000e+03
2.456883056640619998e+03
2.458811523437500000e+03
2.460739990234380002e+03
2.462668457031250000e+03
2.464596923828130002e+03
2.466525390625000000e+03
2.468454101562500000e+03
2.470382568359380002e+03
2.472311035156250000e+03
2.474239501953130002e+03
2.476167968750000000e+03
2.478096435546869998e+03
2.480024902343750000e+03
2.481953369140619998e+03
2.483881835937500000e+03
2.485810302734380002e+03
2.487738769531250000e+03
2.489667236328130002e+03
2.491595703125000000e+03
2.493524169921869998e+03
2.495452636718750000e+03
2.497381103515619998e+03
2.499309570312500000e+03
2.501238037109380002e+03
2.503166503906250000e+03
2.505095214843750000e+03
2.507023681640619998e+03
2.508952148437500000e+03
2.510880615234380002e+03
2.512809082031250000e+03
2.514737548828130002e+03
2.516666015625000000e+03
2.518594482421869998e+03
2.520522949218750000e+03
2.522451416015619998e+03
2.524379882812500000e+03
2.526308349609380002e+03
2.528236816406250000e+03
2.530165283203130002e+03
2.532093750000000000e+03
2.534022216796869998e+03
2.535950683593750000e+03
2.537879150390619998e+03
2.539807617187500000e+03
2.541736328125000000e+03
2.543664794921869998e+03
2.545593261718750000e+03
2.547521728515619998e+03
2.549450195312500000e+03
2.551378662109380002e+03
2.553307128906250000e+03
2.555235595703130002e+03
2.557164062500000000e+03
2.559092529296869998e+03
2.561020996093750000e+03
2.562949462890619998e+03
2.564877929687500000e+03
2.566806396484380002e+03
2.568734863281250000e+03
2.570663330078130002e+03
2.572591796875000000e+03
2.574520263671869998e+03
2.576448730468750000e+03
2.578377441406250000e+03
2.580305908203130002e+03
2.582234375000000000e+03
2.584162841796869998e+03
2.586091308593750000e+03
2.588019775390619998e+03
2.589948242187500000e+03
2.591876708984380002e+03
2.593805175781250000e+03
2.595733642578130002e+03
2.597662109375000000e+03
2.599590576171869998e+03
2.601519042968750000e+03
2.603447509765619998e+03
2.605375976562500000e+03
2.607304443359380002e+03
2.609232910156250000e+03
2.611161376953130002e+03
2.613089843750000000e+03
2.615018554687500000e+03
2.616947021484380002e+03
2.618875488281250000e+03
2.620803955078130002e+03
2.622732421875000000e+03
2.624660888671869998e+03
2.626589355468750000e+03
2.628517822265619998e+03
2.630446289062500000e+03
2.632374755859380002e+03
2.634303222656250000e+03
2.636231689453130002e+03
2.638160156250000000e+03
2.640088623046869998e+03
2.642017089843750000e+03
2.643945556640619998e+03
2.645874023437500000e+03
2.647802490234380002e+03
2.649730957031250000e+03
2.651659667968750000e+03
2.653588134765619998e+03
2.655516601562500000e+03
2.657445068359380002e+03
2.659373535156250000e+03
2.661302001953130002e+03
2.663230468750000000e+03
2.665158935546869998e+03
2.667087402343750000e+03
2.669015869140619998e+03
2.670944335937500000e+03
2.672872802734380002e+03
2.674801269531250000e+03
2.676729736328130002e+03
2.678658203125000000e+03
2.680586669921869998e+03
2.682515136718750000e+03
2.684443603515619998e+03
2.686372070312500000e+03
2.688300781250000000e+03
2.690229248046869998e+03
2.692157714843750000e+03
2.694086181640619998e+03
2.696014648437500000e+03
2.697943115234380002e+03
2.699871582031250000e+03
2.701800048828130002e+03
2.703728515625000000e+03
2.705656982421869998e+03
2.707585449218750000e+03
2.709513916015619998e+03
2.711442382812500000e+03
2.713370849609380002e+03
2.715299316406250000e+03
2.717227783203130002e+03
2.719156250000000000e+03
2.721084716796869998e+03
2.723013183593750000e+03
2.724941894531250000e+03
2.726870361328130002e+03
2.728798828125000000e+03
2.730727294921869998e+03
2.732655761718750000e+03
2.734584228515619998e+03
2.736512695312500000e+03
2.738441162109380002e+03
2.740369628906250000e+03
2.742298095703130002e+03
2.744226562500000000e+03
2.746155029296869998e+03
2.748083496093750000e+03
2.750011962890619998e+03
2.751940429687500000e+03
2.753868896484380002e+03
2.755797363281250000e+03
2.757725830078130002e+03
2.759654296875000000e+03
2.761583007812500000e+03
2.763511474609380002e+03
2.765439941406250000e+03
2.767368408203130002e+03
2.769296875000000000e+03
2.771225341796869998e+03
2.773153808593750000e+03
2.775082275390619998e+03
2.777010742187500000e+03
2.778939208984380002e+03
2.780867675781250000e+03
2.782796142578130002e+03
2.784724609375000000e+03
2.786653076171869998e+03
2.788581542968750000e+03
2.790510009765619998e+03
2.792438476562500000e+03
2.794366943359380002e+03
2.796295410156250000e+03
2.798224121093750000e+03
2.800152587890619998e+03
2.802081054687500000e+03
2.804009521484380002e+03
2.805937988281250000e+03
2.807866455078130002e+03
2.809794921875000000e+03
2.811723388671869998e+03
2.813651855468750000e+03
2.815580322265619998e+03
2.817508789062500000e+03
2.819437255859380002e+03
2.821365722656250000e+03
2.823294189453130002e+03
2.825222656250000000e+03
2.827151123046869998e+03
2.829079589843750000e+03
2.831008056640619998e+03
2.832936523437500000e+03
2.834865234375000000e+03
2.836793701171869998e+03
2.838722167968750000e+03
2.840650634765619998e+03
2.842579101562500000e+03
2.844507568359380002e+03
2.846436035156250000e+03
2.848364501953130002e+03
2.850292968750000000e+03
2.852221435546869998e+03
2.854149902343750000e+03
2.856078369140619998e+03
2.858006835937500000e+03
2.859935302734380002e+03
2.861863769531250000e+03
2.863792236328130002e+03
2.865720703125000000e+03
2.867649169921869998e+03
2.869577636718750000e+03
2.871506347656250000e+03
2.873434814453130002e+03
2.875363281250000000e+03
2.877291748046869998e+03
2.879220214843750000e+03
2.881148681640619998e+03
2.883077148437500000e+03
2.885005615234380002e+03
2.886934082031250000e+03
2.888862548828119998e+03
2.890791015625000000e+03
2.892719482421880002e+03
2.894647949218750000e+03
2.896576416015619998e+03
2.898504882812500000e+03
2.900433349609369998e+03
2.902361816406250000e+03
2.904290283203130002e+03
2.906218750000000000e+03
2.908147460937500000e+03
2.910075927734380002e+03
2.912004394531250000e+03
2.913932861328119998e+03
2.915861328125000000e+03
2.917789794921880002e+03
2.919718261718750000e+03
2.921646728515619998e+03
2.923575195312500000e+03
2.925503662109369998e+03
2.927432128906250000e+03
2.929360595703130002e+03
2.931289062500000000e+03
2.933217529296869998e+03
2.935145996093750000e+03
2.937074462890630002e+03
2.939002929687500000e+03
2.940931396484380002e+03
2.942859863281250000e+03
2.944788574218750000e+03
2.946717041015619998e+03
2.948645507812500000e+03
2.950573974609369998e+03
2.952502441406250000e+03
2.954430908203130002e+03
2.956359375000000000e+03
2.958287841796869998e+03
2.960216308593750000e+03
2.962144775390630002e+03
2.964073242187500000e+03
2.966001708984380002e+03
2.967930175781250000e+03
2.969858642578119998e+03
2.971787109375000000e+03
2.973715576171880002e+03
2.975644042968750000e+03
2.977572509765619998e+03
2.979500976562500000e+03
2.981429687500000000e+03
2.983358154296869998e+03
2.985286621093750000e+03
2.987215087890630002e+03
2.989143554687500000e+03
2.991072021484380002e+03
2.993000488281250000e+03
2.994928955078119998e+03
2.996857421875000000e+03
2.998785888671880002e+03
3.000714355468750000e+03
3.002642822265619998e+03
3.004571289062500000e+03
3.006499755859369998e+03
3.008428222656250000e+03
3.010356689453130002e+03
3.012285156250000000e+03
3.014213623046869998e+03
3.016142333984380002e+03
3.018070800781250000e+03
3.019999267578119998e+03
3.021927734375000000e+03
3.023856201171880002e+03
3.025784667968750000e+03
3.027713134765619998e+03
3.029641601562500000e+03
3.031570068359369998e+03
3.033498535156250000e+03
3.035427001953130002e+03
3.037355468750000000e+03
3.039283935546869998e+03
3.041212402343750000e+03
3.043140869140630002e+03
3.045069335937500000e+03
3.046997802734380002e+03
3.048926269531250000e+03
3.050854736328119998e+03
